0 0
0.047619 nan
0.0952381 nan
0.142857 nan
0.190476 nan
0.238095 nan
0.285714 nan
0.333333 nan
0.380952 nan
0.428571 nan
0.47619 nan
0.52381 nan
0.571429 nan
0.619048 nan
0.666667 nan
0.714286 nan
0.761905 nan
0.809524 nan
0.857143 nan
0.904762 nan
0.952381 nan
1 0


0 0
0.047619 nan
0.0952381 nan
0.142857 nan
0.190476 nan
0.238095 nan
0.285714 nan
0.333333 nan
0.380952 nan
0.428571 nan
0.47619 nan
0.52381 nan
0.571429 nan
0.619048 nan
0.666667 nan
0.714286 nan
0.761905 nan
0.809524 nan
0.857143 nan
0.904762 nan
0.952381 nan
1 0


0 0
0.047619 0
0.0952381 nan
0.142857 nan
0.190476 nan
0.238095 nan
0.285714 nan
0.333333 nan
0.380952 nan
0.428571 nan
0.47619 nan
0.52381 nan
0.571429 nan
0.619048 nan
0.666667 nan
0.714286 nan
0.761905 nan
0.809524 nan
0.857143 nan
0.904762 nan
0.952381 nan
1 0


