# t[i], y[i], e[i]
0.47 5.49 0.26
1.41 4.08 0.12
2.36 3.54 0.27
3.3 2.61 0.1
4.24 2.09 0.15
5.18 1.91 0.11
6.13 1.55 0.13
7.07 1.47 0.07
8.01 1.45 0.15
8.95 1.25 0.09


# ti A*exp(-ti/T)+B
0.47 5.401
0.501333 5.35162
0.532667 5.3028
0.564 5.25454
0.595333 5.20684
0.626667 5.15968
0.658 5.11306
0.689333 5.06697
0.720667 5.02141
0.752 4.97637
0.783333 4.93185
0.814667 4.88783
0.846 4.84432
0.877333 4.80131
0.908667 4.75879
0.94 4.71675
0.971333 4.6752
1.00267 4.63412
1.034 4.59351
1.06533 4.55337
1.09667 4.51368
1.128 4.47445
1.15933 4.43567
1.19067 4.39733
1.222 4.35943
1.25333 4.32196
1.28467 4.28493
1.316 4.24831
1.34733 4.21212
1.37867 4.17633
1.41 4.14096
1.44133 4.106
1.47267 4.07143
1.504 4.03726
1.53533 4.00347
1.56667 3.97008
1.598 3.93707
1.62933 3.90443
1.66067 3.87217
1.692 3.84028
1.72333 3.80875
1.75467 3.77758
1.786 3.74677
1.81733 3.71631
1.84867 3.6862
1.88 3.65644
1.91133 3.62701
1.94267 3.59792
1.974 3.56917
2.00533 3.54074
2.03667 3.51264
2.068 3.48486
2.09933 3.45739
2.13067 3.43025
2.162 3.40341
2.19333 3.37688
2.22467 3.35065
2.256 3.32472
2.28733 3.29909
2.31867 3.27375
2.35 3.24871
2.38133 3.22395
2.41267 3.19947
2.444 3.17527
2.47533 3.15135
2.50667 3.1277
2.538 3.10432
2.56933 3.08121
2.60067 3.05837
2.632 3.03578
2.66333 3.01346
2.69467 2.99139
2.726 2.96957
2.75733 2.948
2.78867 2.92668
2.82 2.9056
2.85133 2.88477
2.88267 2.86417
2.914 2.84381
2.94533 2.82368
2.97667 2.80378
3.008 2.7841
3.03933 2.76466
3.07067 2.74543
3.102 2.72643
3.13333 2.70764
3.16467 2.68907
3.196 2.67071
3.22733 2.65256
3.25867 2.63462
3.29 2.61688
3.32133 2.59935
3.35267 2.58201
3.384 2.56488
3.41533 2.54794
3.44667 2.53119
3.478 2.51464
3.50933 2.49828
3.54067 2.4821
3.572 2.46611
3.60333 2.4503
3.63467 2.43467
3.666 2.41922
3.69733 2.40395
3.72867 2.38885
3.76 2.37392
3.79133 2.35917
3.82267 2.34458
3.854 2.33016
3.88533 2.31591
3.91667 2.30182
3.948 2.28789
3.97933 2.27412
4.01067 2.2605
4.042 2.24705
4.07333 2.23374
4.10467 2.22059
4.136 2.20759
4.16733 2.19474
4.19867 2.18203
4.23 2.16947
4.26133 2.15706
4.29267 2.14478
4.324 2.13265
4.35533 2.12065
4.38667 2.1088
4.418 2.09707
4.44933 2.08549
4.48067 2.07403
4.512 2.06271
4.54333 2.05151
4.57467 2.04044
4.606 2.0295
4.63733 2.01869
4.66867 2.008
4.7 1.99743
4.73133 1.98698
4.76267 1.97665
4.794 1.96644
4.82533 1.95635
4.85667 1.94637
4.888 1.9365
4.91933 1.92675
4.95067 1.91711
4.982 1.90758
5.01333 1.89816
5.04467 1.88885
5.076 1.87964
5.10733 1.87054
5.13867 1.86155
5.17 1.85265
5.20133 1.84386
5.23267 1.83517
5.264 1.82658
5.29533 1.81808
5.32667 1.80969
5.358 1.80139
5.38933 1.79318
5.42067 1.78507
5.452 1.77705
5.48333 1.76912
5.51467 1.76129
5.546 1.75354
5.57733 1.74588
5.60867 1.73831
5.64 1.73083
5.67133 1.72343
5.70267 1.71611
5.734 1.70888
5.76533 1.70173
5.79667 1.69467
5.828 1.68768
5.85933 1.68078
5.89067 1.67395
5.922 1.6672
5.95333 1.66053
5.98467 1.65394
6.016 1.64742
6.04733 1.64098
6.07867 1.6346
6.11 1.62831
6.14133 1.62208
6.17267 1.61593
6.204 1.60984
6.23533 1.60383
6.26667 1.59788
6.298 1.592
6.32933 1.58619
6.36067 1.58045
6.392 1.57477
6.42333 1.56916
6.45467 1.56361
6.486 1.55812
6.51733 1.5527
6.54867 1.54734
6.58 1.54204
6.61133 1.5368
6.64267 1.53162
6.674 1.5265
6.70533 1.52144
6.73667 1.51643
6.768 1.51149
6.79933 1.5066
6.83067 1.50177
6.862 1.49699
6.89333 1.49226
6.92467 1.48759
6.956 1.48298
6.98733 1.47841
7.01867 1.4739
7.05 1.46944
7.08133 1.46503
7.11267 1.46068
7.144 1.45637
7.17533 1.45211
7.20667 1.4479
7.238 1.44374
7.26933 1.43962
7.30067 1.43555
7.332 1.43153
7.36333 1.42756
7.39467 1.42363
7.426 1.41974
7.45733 1.4159
7.48867 1.41211
7.52 1.40835
7.55133 1.40464
7.58267 1.40098
7.614 1.39735
7.64533 1.39377
7.67667 1.39022
7.708 1.38672
7.73933 1.38326
7.77067 1.37984
7.802 1.37645
7.83333 1.37311
7.86467 1.3698
7.896 1.36653
7.92733 1.3633
7.95867 1.36011
7.99 1.35695
8.02133 1.35383
8.05267 1.35074
8.084 1.34769
8.11533 1.34467
8.14667 1.34169
8.178 1.33874
8.20933 1.33583
8.24067 1.33295
8.272 1.3301
8.30333 1.32729
8.33467 1.3245
8.366 1.32175
8.39733 1.31903
8.42867 1.31635
8.46 1.31369
8.49133 1.31106
8.52267 1.30846
8.554 1.3059
8.58533 1.30336
8.61667 1.30085
8.648 1.29837
8.67933 1.29592
8.71067 1.29349
8.742 1.2911
8.77333 1.28873
8.80467 1.28639
8.836 1.28407
8.86733 1.28179
8.89867 1.27952
8.93 1.27729
