# r, Fe(e,r), exact, for rmax = 2
0 0 0
0.02 0.019603 0.019604
0.04 0.0384238 0.0384316
0.06 0.05648 0.0565059
0.08 0.0737887 0.0738493
0.1 0.0903671 0.0904837
0.12 0.106232 0.10643
0.14 0.121399 0.12171
0.16 0.135884 0.136343
0.18 0.149704 0.150349
0.2 0.162873 0.163746
0.22 0.175408 0.176554
0.24 0.187322 0.188791
0.26 0.198631 0.200473
0.28 0.209348 0.211619
0.3 0.219489 0.222245
0.32 0.229066 0.232368
0.34 0.238094 0.242002
0.36 0.246586 0.251163
0.38 0.254554 0.259867
0.4 0.262012 0.268128
0.42 0.268973 0.27596
0.44 0.275449 0.283376
0.46 0.281451 0.29039
0.48 0.286992 0.297016
0.5 0.292084 0.303265
0.52 0.296738 0.309151
0.54 0.300966 0.314684
0.56 0.304778 0.319877
0.58 0.308185 0.324741
0.6 0.311198 0.329287
0.62 0.313828 0.333526
0.64 0.316085 0.337467
0.66 0.317978 0.341122
0.68 0.319518 0.3445
0.7 0.320714 0.34761
0.72 0.321576 0.350462
0.74 0.322113 0.353064
0.76 0.322335 0.355426
0.78 0.32225 0.357557
0.8 0.321866 0.359463
0.82 0.321193 0.361154
0.84 0.32024 0.362637
0.86 0.319013 0.363919
0.88 0.317522 0.365009
0.9 0.315775 0.365913
0.92 0.313778 0.366638
0.94 0.311541 0.36719
0.96 0.30907 0.367577
0.98 0.306372 0.367805
1 0.303455 0.367879
1.02 0.300326 0.367807
1.04 0.296992 0.367593
1.06 0.293459 0.367243
1.08 0.289734 0.366763
1.1 0.285824 0.366158
1.12 0.281735 0.365433
1.14 0.277473 0.364594
1.16 0.273044 0.363644
1.18 0.268455 0.362589
1.2 0.263711 0.361433
1.22 0.258817 0.360181
1.24 0.25378 0.358836
1.26 0.248605 0.357404
1.28 0.243297 0.355888
1.3 0.237861 0.354291
1.32 0.232303 0.352619
1.34 0.226628 0.350873
1.36 0.22084 0.349059
1.38 0.214945 0.347178
1.4 0.208947 0.345236
1.42 0.20285 0.343234
1.44 0.19666 0.341176
1.46 0.19038 0.339065
1.48 0.184015 0.336904
1.5 0.177569 0.334695
1.52 0.171047 0.332442
1.54 0.164451 0.330147
1.56 0.157787 0.327812
1.58 0.151058 0.325441
1.6 0.144267 0.323034
1.62 0.137419 0.320596
1.64 0.130517 0.318127
1.66 0.123565 0.315631
1.68 0.116565 0.313108
1.7 0.109522 0.310562
1.72 0.102438 0.307994
1.74 0.0953165 0.305405
1.76 0.0881611 0.302799
1.78 0.0809745 0.300176
1.8 0.0737597 0.297538
1.82 0.0665195 0.294887
1.84 0.0592568 0.292224
1.86 0.0519743 0.289551
1.88 0.0446747 0.286869
1.9 0.0373606 0.28418
1.92 0.0300345 0.281485
1.94 0.0226989 0.278786
1.96 0.0153563 0.276083
1.98 0.00800893 0.273377


# r, Fe(e,r), exact, for rmax = 3
0 0 0
0.03 0.0291127 0.0291134
0.06 0.0565006 0.0565059
0.09 0.0822363 0.0822538
0.12 0.10639 0.10643
0.15 0.129029 0.129106
0.18 0.150218 0.150349
0.21 0.170019 0.170223
0.24 0.188492 0.188791
0.27 0.205695 0.206112
0.3 0.221684 0.222245
0.33 0.236512 0.237245
0.36 0.250231 0.251163
0.39 0.262889 0.264052
0.42 0.274534 0.27596
0.45 0.285212 0.286933
0.48 0.294967 0.297016
0.51 0.303841 0.306253
0.54 0.311874 0.314684
0.57 0.319105 0.32235
0.6 0.325573 0.329287
0.63 0.331312 0.335533
0.66 0.336357 0.341122
0.69 0.340742 0.346087
0.72 0.344498 0.350462
0.75 0.347655 0.354275
0.78 0.350244 0.357557
0.81 0.352291 0.360335
0.84 0.353825 0.362637
0.87 0.35487 0.364488
0.9 0.355452 0.365913
0.93 0.355594 0.366935
0.96 0.35532 0.367577
0.99 0.35465 0.367861
1.02 0.353607 0.367807
1.05 0.352209 0.367435
1.08 0.350476 0.366763
1.11 0.348427 0.36581
1.14 0.346078 0.364594
1.17 0.343448 0.363129
1.2 0.340551 0.361433
1.23 0.337403 0.35952
1.26 0.334019 0.357404
1.29 0.330412 0.355099
1.32 0.326597 0.352619
1.35 0.322586 0.349974
1.38 0.318391 0.347178
1.41 0.314023 0.344242
1.44 0.309495 0.341176
1.47 0.304816 0.33799
1.5 0.299996 0.334695
1.53 0.295045 0.3313
1.56 0.289972 0.327812
1.59 0.284787 0.324242
1.62 0.279496 0.320596
1.65 0.274108 0.316882
1.68 0.26863 0.313108
1.71 0.263069 0.309281
1.74 0.257432 0.305405
1.77 0.251726 0.301489
1.8 0.245955 0.297538
1.83 0.240127 0.293557
1.86 0.234245 0.289551
1.89 0.228316 0.285526
1.92 0.222343 0.281485
1.95 0.216332 0.277434
1.98 0.210286 0.273377
2.01 0.204209 0.269317
2.04 0.198106 0.265259
2.07 0.191979 0.261205
2.1 0.185831 0.257158
2.13 0.179667 0.253123
2.16 0.173487 0.249102
2.19 0.167295 0.245098
2.22 0.161094 0.241112
2.25 0.154885 0.237148
2.28 0.14867 0.233208
2.31 0.142451 0.229293
2.34 0.13623 0.225407
2.37 0.130008 0.221549
2.4 0.123787 0.217723
2.43 0.117568 0.21393
2.46 0.111351 0.21017
2.49 0.105137 0.206446
2.52 0.0989281 0.202758
2.55 0.0927237 0.199108
2.58 0.0865247 0.195497
2.61 0.0803314 0.191925
2.64 0.074144 0.188394
2.67 0.0679627 0.184903
2.7 0.0617874 0.181455
2.73 0.0556181 0.178049
2.76 0.0494545 0.174685
2.79 0.0432965 0.171365
2.82 0.0371435 0.168089
2.85 0.0309952 0.164856
2.88 0.024851 0.161668
2.91 0.0187102 0.158524
2.94 0.0125721 0.155425
2.97 0.00643595 0.152371
3 0.000300772 0.149361


# r, Fe(e,r), exact, for rmax = 4
0 0 0
0.04 0.0384312 0.0384316
0.08 0.0738465 0.0738493
0.12 0.106421 0.10643
0.16 0.136322 0.136343
0.2 0.163707 0.163746
0.24 0.188725 0.188791
0.28 0.211518 0.211619
0.32 0.23222 0.232368
0.36 0.250959 0.251163
0.4 0.267854 0.268128
0.44 0.28302 0.283376
0.48 0.296566 0.297016
0.52 0.308592 0.309151
0.56 0.319197 0.319877
0.6 0.328471 0.329287
0.64 0.3365 0.337467
0.68 0.343367 0.3445
0.72 0.349149 0.350462
0.76 0.353919 0.355426
0.8 0.357746 0.359463
0.84 0.360695 0.362637
0.88 0.362828 0.365009
0.92 0.364202 0.366638
0.96 0.364872 0.367577
1 0.364891 0.367879
1.04 0.364305 0.367593
1.08 0.363163 0.366763
1.12 0.361505 0.365433
1.16 0.359374 0.363644
1.2 0.356807 0.361433
1.24 0.35384 0.358836
1.28 0.350507 0.355888
1.32 0.34684 0.352619
1.36 0.342869 0.349059
1.4 0.338621 0.345236
1.44 0.334122 0.341176
1.48 0.329398 0.336904
1.52 0.324471 0.332442
1.56 0.319362 0.327812
1.6 0.314093 0.323034
1.64 0.308681 0.318127
1.68 0.303144 0.313108
1.72 0.297498 0.307994
1.76 0.291759 0.302799
1.8 0.28594 0.297538
1.84 0.280056 0.292224
1.88 0.274117 0.286869
1.92 0.268136 0.281485
1.96 0.262123 0.276083
2 0.256087 0.270671
2.04 0.250037 0.265259
2.08 0.243982 0.259855
2.12 0.237929 0.254467
2.16 0.231885 0.249102
2.2 0.225856 0.243767
2.24 0.219847 0.238467
2.28 0.213865 0.233208
2.32 0.207913 0.227995
2.36 0.201996 0.222832
2.4 0.196117 0.217723
2.44 0.19028 0.212672
2.48 0.184488 0.207683
2.52 0.178743 0.202758
2.56 0.173048 0.1979
2.6 0.167404 0.193111
2.64 0.161813 0.188394
2.68 0.156276 0.183749
2.72 0.150794 0.179179
2.76 0.145368 0.174685
2.8 0.139998 0.170268
2.84 0.134685 0.165929
2.88 0.129428 0.161668
2.92 0.124228 0.157486
2.96 0.119084 0.153384
3 0.113995 0.149361
3.04 0.108961 0.145418
3.08 0.10398 0.141555
3.12 0.0990528 0.13777
3.16 0.0941769 0.134065
3.2 0.0893513 0.130439
3.24 0.0845744 0.126891
3.28 0.0798449 0.123421
3.32 0.0751609 0.120027
3.36 0.0705208 0.11671
3.4 0.0659225 0.113469
3.44 0.0613642 0.110303
3.48 0.0568437 0.10721
3.52 0.0523589 0.10419
3.56 0.0479074 0.101242
3.6 0.043487 0.0983654
3.64 0.0390951 0.0955585
3.68 0.0347294 0.0928205
3.72 0.0303872 0.0901504
3.76 0.0260658 0.0875469
3.8 0.0217625 0.0850089
3.84 0.0174746 0.0825354
3.88 0.013199 0.0801252
3.92 0.008933 0.0777771
3.96 0.00467372 0.0754899


# r, Fe(e,r), exact, for rmax = 6
0 0 0
0.06 0.0565057 0.0565059
0.12 0.10643 0.10643
0.18 0.150347 0.150349
0.24 0.188788 0.188791
0.3 0.22224 0.222245
0.36 0.251154 0.251163
0.42 0.275946 0.27596
0.48 0.296996 0.297016
0.54 0.314657 0.314684
0.6 0.329251 0.329287
0.66 0.341076 0.341122
0.72 0.350405 0.350462
0.78 0.357487 0.357557
0.84 0.362552 0.362637
0.9 0.365812 0.365913
0.96 0.36746 0.367577
1.02 0.367671 0.367807
1.08 0.366607 0.366763
1.14 0.364416 0.364594
1.2 0.361232 0.361433
1.26 0.357178 0.357404
1.32 0.352367 0.352619
1.38 0.3469 0.347178
1.44 0.340869 0.341176
1.5 0.334358 0.334695
1.56 0.327444 0.327812
1.62 0.320195 0.320596
1.68 0.312674 0.313108
1.74 0.304936 0.305405
1.8 0.297031 0.297538
1.86 0.289007 0.289551
1.92 0.280902 0.281485
1.98 0.272753 0.273377
2.04 0.264592 0.265259
2.1 0.256449 0.257158
2.16 0.248348 0.249102
2.22 0.240311 0.241112
2.28 0.232359 0.233208
2.34 0.224508 0.225407
2.4 0.216774 0.217723
2.46 0.209168 0.21017
2.52 0.201701 0.202758
2.58 0.194384 0.195497
2.64 0.187222 0.188394
2.7 0.180223 0.181455
2.76 0.173391 0.174685
2.82 0.16673 0.168089
2.88 0.160242 0.161668
2.94 0.15393 0.155425
3 0.147794 0.149361
3.06 0.141835 0.143476
3.12 0.136051 0.13777
3.18 0.130443 0.132242
3.24 0.125008 0.126891
3.3 0.119745 0.121714
3.36 0.114651 0.11671
3.42 0.109724 0.111877
3.48 0.10496 0.10721
3.54 0.100356 0.102707
3.6 0.0959083 0.0983654
3.66 0.0916139 0.094181
3.72 0.0874686 0.0901504
3.78 0.0834684 0.0862698
3.84 0.0796092 0.0825354
3.9 0.0758868 0.0789435
3.96 0.0722971 0.0754899
4.02 0.068836 0.0721709
4.08 0.0654991 0.0689825
4.14 0.0622821 0.0659206
4.2 0.0591806 0.0629814
4.26 0.0561904 0.060161
4.32 0.0533073 0.0574555
4.38 0.0505269 0.0548611
4.44 0.047845 0.052374
4.5 0.0452574 0.0499905
4.56 0.0427603 0.047707
4.62 0.0403494 0.0455199
4.68 0.0380207 0.0434258
4.74 0.0357702 0.0414212
4.8 0.0335939 0.0395028
4.86 0.031488 0.0376674
4.92 0.0294487 0.0359117
4.98 0.027472 0.0342328
5.04 0.0255544 0.0326277
5.1 0.0236921 0.0310934
5.16 0.0218817 0.0296272
5.22 0.0201194 0.0282263
5.28 0.0184017 0.026888
5.34 0.016725 0.0256099
5.4 0.0150859 0.0243895
5.46 0.0134809 0.0232244
5.52 0.0119066 0.0221123
5.58 0.0103596 0.0210509
5.64 0.0088364 0.0200382
5.7 0.00733367 0.019072
5.76 0.00584814 0.0181504
5.82 0.00437632 0.0172715
5.88 0.00291482 0.0164333
5.94 0.00146022 0.0156343
6 9.09835e-06 0.0148725


# r, Fe(e,r), exact, for rmax = 8
0 0 0
0.08 0.0738492 0.0738493
0.16 0.136343 0.136343
0.24 0.18879 0.188791
0.32 0.232367 0.232368
0.4 0.268127 0.268128
0.48 0.297015 0.297016
0.56 0.319876 0.319877
0.64 0.337466 0.337467
0.72 0.35046 0.350462
0.8 0.359461 0.359463
0.88 0.365006 0.365009
0.96 0.367573 0.367577
1.04 0.367588 0.367593
1.12 0.365428 0.365433
1.2 0.361426 0.361433
1.28 0.35588 0.355888
1.36 0.34905 0.349059
1.44 0.341166 0.341176
1.52 0.33243 0.332442
1.6 0.323021 0.323034
1.68 0.313094 0.313108
1.76 0.302783 0.302799
1.84 0.292206 0.292224
1.92 0.281466 0.281485
2 0.270649 0.270671
2.08 0.259831 0.259855
2.16 0.249077 0.249102
2.24 0.23844 0.238467
2.32 0.227965 0.227995
2.4 0.217691 0.217723
2.48 0.207649 0.207683
2.56 0.197863 0.1979
2.64 0.188354 0.188394
2.72 0.179137 0.179179
2.8 0.170223 0.170268
2.88 0.16162 0.161668
2.96 0.153333 0.153384
3.04 0.145363 0.145418
3.12 0.137712 0.13777
3.2 0.130377 0.130439
3.28 0.123355 0.123421
3.36 0.11664 0.11671
3.44 0.110228 0.110303
3.52 0.104111 0.10419
3.6 0.0982816 0.0983654
3.68 0.0927317 0.0928205
3.76 0.0874526 0.0875469
3.84 0.0824353 0.0825354
3.92 0.0776707 0.0777771
4 0.0731497 0.0732626
4.08 0.0688629 0.0689825
4.16 0.0648007 0.0649274
4.24 0.0609538 0.0610882
4.32 0.057313 0.0574555
4.4 0.0538692 0.0540203
4.48 0.0506132 0.0507737
4.56 0.0475366 0.047707
4.64 0.044631 0.0448117
4.72 0.0418879 0.0420796
4.8 0.0392993 0.0395028
4.88 0.0368575 0.0370734
4.96 0.0345548 0.0347841
5.04 0.032384 0.0326277
5.12 0.0303382 0.0305972
5.2 0.0284109 0.0286861
5.28 0.0265956 0.026888
5.36 0.0248859 0.0251969
5.44 0.0232762 0.0236068
5.52 0.0217606 0.0221123
5.6 0.0203338 0.020708
5.68 0.0189905 0.019389
5.76 0.0177263 0.0181504
5.84 0.016536 0.0169876
5.92 0.0154154 0.0158964
6 0.0143601 0.0148725
6.08 0.0133661 0.0139121
6.16 0.0124295 0.0130115
6.24 0.0115465 0.0121671
6.32 0.0107139 0.0113756
6.4 0.00992815 0.010634
6.48 0.0091861 0.00993909
6.56 0.00848471 0.00928821
6.64 0.00782106 0.00867866
6.72 0.00719238 0.00810794
6.8 0.00659601 0.00757367
6.88 0.00602948 0.00707363
6.96 0.00549036 0.00660571
7.04 0.00497628 0.00616793
7.12 0.00448501 0.00575842
7.2 0.00401438 0.00537542
7.28 0.0035623 0.00501727
7.36 0.00312675 0.00468242
7.44 0.00270576 0.0043694
7.52 0.00229748 0.00407684
7.6 0.0019 0.00380343
7.68 0.00151148 0.00354797
7.76 0.00113012 0.0033093
7.84 0.000754121 0.00308637
7.92 0.000381712 0.00287815


